150
162
257
274
128
138
187
19
252
289
152
245
124
216
165
37
63
277
92
115
87
151
220
46
51
134
158
227
183
282
185
176
61
243
219
53
182
129
269
77
13
91
179
238
272
76
286
111
260
258
285
72
248
264
84
284
295
283
42
205
212
75
2
199
149
135
21
251
59
23
157
242
230
18
139
96
1
293
107
281
198
70
195
292
52
169
108
153
270
259
80
239
266
43
25
40
98
7
190
55
214
97
221
11
235
81
173
273
201
213
109
256
229
247
10
47
278
32
122
64
166
26
33
167
112
106
186
118
69
104
12
131
68
192
231
207
253
255
29
203
136
280
24
141
83
132
127
146
226
8
225
144
147
215
103
237
297
123
71
204
101
143
156
218
30
249
6
15
175
125
271
116
58
223
244
82
170
148
265
236
188
191
86
171
250
300
126
100
184
200
210
294
110
263
5
234
85
232
62
117
298
222
296
140
14
160
89
45
180
4
88
217
120
79
44
54
99
197
189
193
194
9
67
78
299
261
60
41
66
290
93
73
168
202
172
161
65
181
142
246
241
95
287
174
38
262
39
17
90
49
121
36
268
206
74
133
154
27
130
178
20
291
114
211
288
35
57
164
224
196
50
56
279
254
3
155
228
48
105
94
28
22
177
34
208
31
240
276
16
102
267
159
113
163
119
209
137
233
275
145
