263
35
291
45
231
9
294
236
228
217
96
204
166
88
160
113
16
79
252
13
194
14
189
107
142
68
163
104
102
111
147
239
144
182
188
59
283
296
108
51
293
219
3
266
299
86
206
215
99
33
201
173
19
275
251
298
72
32
125
165
260
267
213
48
197
91
84
116
74
227
246
211
112
47
131
261
138
269
76
121
152
62
214
192
11
244
117
92
184
198
177
54
90
273
181
149
136
286
140
257
264
30
82
169
22
203
295
210
170
158
52
118
183
77
37
10
221
164
205
27
137
281
60
247
162
249
18
58
212
280
185
284
132
265
110
168
114
135
106
234
270
223
146
70
101
287
61
119
24
208
237
282
157
56
141
190
196
200
7
218
272
250
199
66
156
202
179
187
23
290
172
21
25
20
235
67
242
12
230
220
127
73
53
97
254
28
2
243
245
133
39
95
178
36
123
49
50
258
161
65
44
240
255
176
46
120
277
17
225
276
